


Конечная матрица:
6.0000  8.0000  3.0000  1.0000  5.0000  
6.0000  1.0000  2.0000  -3.0000  0.0000  
1.0000  2.0000  8.0000  1.0000  34.0000  
1.0000  1.0000  -6.0000  9.0000  5.0000  

Конечная матрица:
6.0000  8.0000  3.0000  1.0000  5.0000  
6.0000  1.0000  2.0000  -3.0000  0.0000  
1.0000  2.0000  8.0000  1.0000  34.0000  
1.0000  1.0000  -6.0000  9.0000  5.0000  

Конечная матрица:
6.0000  8.0000  3.0000  1.0000  5.0000  
6.0000  1.0000  2.0000  -3.0000  0.0000  
1.0000  2.0000  8.0000  1.0000  34.0000  
1.0000  1.0000  -6.0000  9.0000  5.0000  

Минимальный элемент  строки:

4460784

Конечная матрица:
6.0000  8.0000  3.0000  1.0000  5.0000  6.0000  
1.0000  2.0000  -3.0000  0.0000  1.0000  2.0000  
8.0000  1.0000  34.0000  1.0000  1.0000  -6.0000  